
OS DADOS UTILIZADOS ESTÃO ALOCADOS NOS SEGUINTES CAMINHOS:

/home/sifapsc/scripts/matheus/help_disserta/erasmo/



[92mDados Haff:
[0m            haff  prec_MN  prec_ITA  rad_MN  rad_ITA   EL   LA
data                                                          
2000-01-01     0    350.2     237.8   148.4    146.3  0.0 -1.7
2000-02-01     0    344.4     464.7   148.1    149.7  0.0 -1.4
2000-03-01     0    340.7     453.5   134.5    135.3  0.0 -1.1
2000-04-01     0    535.4     302.6   136.0    123.6  0.0 -0.8
2000-05-01     0    172.6     388.1   150.2    140.8  0.0 -0.7
...          ...      ...       ...     ...      ...  ...  ...
2024-08-01     0     17.7       NaN   242.9    201.7  0.0  0.0
2024-09-01     0     68.2       NaN   230.5    208.5  0.0  0.0
2024-10-01     0     86.8       NaN   215.6    206.5  0.0  0.0
2024-11-01     0    131.3       NaN   169.7    189.0  0.0  0.0
2024-12-01     0    272.4       NaN     NaN    166.0  0.0  0.0

[300 rows x 7 columns]


[92mDados Haff (colunas):
[0mIndex(['haff', 'prec_MN', 'prec_ITA', 'rad_MN', 'rad_ITA', 'EL', 'LA'], dtype='object')


[92mDados Haff (básico):
[0m             haff     prec_MN    prec_ITA  ...     rad_ITA          EL          LA
count  300.000000  298.000000  282.000000  ...  300.000000  300.000000  300.000000
mean     2.010000  199.147651  217.407447  ...  168.201333    0.253000   -0.297333
std     18.162309  132.851877  146.477141  ...   23.430769    0.530499    0.599715
min      0.000000    0.600000    1.400000  ...  117.000000    0.000000   -7.000000
25%      0.000000   87.300000   96.250000  ...  148.950000    0.000000   -0.600000
50%      0.000000  180.450000  189.100000  ...  165.850000    0.000000    0.000000
75%      0.000000  293.450000  320.175000  ...  187.300000    0.000000    0.000000
max    218.000000  589.300000  628.900000  ...  227.900000    2.600000    0.700000

[8 rows x 7 columns]


[92mDados Haff (variáveis):
[0mhaff          int64
prec_MN     float64
prec_ITA    float64
rad_MN      float64
rad_ITA     float64
EL          float64
LA          float64
dtype: object


[92mmedia_mes
[0m    mes   haff  prec_MN  prec_ITA  rad_MN  rad_ITA    EL    LA
0     1  16.00   282.91    308.32  160.43   156.09  0.40 -0.71
1     2   8.12   302.00    334.28  152.92   151.18  0.32 -0.38
2     3   0.00   350.98    430.17  157.74   152.51  0.19 -0.30
3     4   0.00   313.10    330.78  151.74   143.88  0.16 -0.22
4     5   0.00   232.23    285.02  153.92   141.42  0.12 -0.18
5     6   0.00   122.89    170.64  170.58   157.80  0.15 -0.15
6     7   0.00    71.26    102.79  187.80   176.60  0.17 -0.13
7     8   0.00    53.24     67.43  209.55   196.00  0.17 -0.19
8     9   0.00    74.50     73.56  216.38   201.44  0.24 -0.22
9    10   0.00   123.63    104.55  209.74   197.84  0.32 -0.35
10   11   0.00   189.74    135.87  191.50   182.59  0.38 -0.34
11   12   0.00   280.74    256.73  167.71   161.06  0.40 -0.40
[92mmedia_mes.index
[0mRangeIndex(start=0, stop=12, step=1)
[92mcomponente_sazonal
[0m            haff  prec_MN  prec_ITA  ...  rad_ITA_media  EL_media  LA_media
data                                 ...                                   
2000-01-01     0    350.2     237.8  ...         151.18      0.32     -0.38
2000-02-01     0    344.4     464.7  ...         152.51      0.19     -0.30
2000-03-01     0    340.7     453.5  ...         143.88      0.16     -0.22
2000-04-01     0    535.4     302.6  ...         141.42      0.12     -0.18
2000-05-01     0    172.6     388.1  ...         157.80      0.15     -0.15
...          ...      ...       ...  ...            ...       ...       ...
2024-08-01     0     17.7       NaN  ...         201.44      0.24     -0.22
2024-09-01     0     68.2       NaN  ...         197.84      0.32     -0.35
2024-10-01     0     86.8       NaN  ...         182.59      0.38     -0.34
2024-11-01     0    131.3       NaN  ...         161.06      0.40     -0.40
2024-12-01     0    272.4       NaN  ...            NaN       NaN       NaN

[300 rows x 15 columns]

[92msem_sazonal
[0m            haff  prec_MN  prec_ITA  rad_MN  rad_ITA    EL    LA
data                                                            
2000-01-01 -8.12    48.20    -96.48   -4.52    -4.88 -0.32 -1.32
2000-02-01  0.00    -6.58     34.53   -9.64    -2.81 -0.19 -1.10
2000-03-01  0.00    27.60    122.72  -17.24    -8.58 -0.16 -0.88
2000-04-01  0.00   303.17     17.58  -17.92   -17.82 -0.12 -0.62
2000-05-01  0.00    49.71    217.46  -20.38   -17.00 -0.15 -0.55
...          ...      ...       ...     ...      ...   ...   ...
2024-08-01  0.00   -56.80       NaN   26.52     0.26 -0.24  0.22
2024-09-01  0.00   -55.43       NaN   20.76    10.66 -0.32  0.35
2024-10-01  0.00  -102.94       NaN   24.10    23.91 -0.38  0.34
2024-11-01  0.00  -149.44       NaN    1.99    27.94 -0.40  0.40
2024-12-01   NaN      NaN       NaN     NaN      NaN   NaN   NaN

[300 rows x 7 columns]


[92msem_sazonal.columns
[0mIndex(['haff', 'prec_MN', 'prec_ITA', 'rad_MN', 'rad_ITA', 'EL', 'LA'], dtype='object')


[92mhaff
increasing[0m


[36mprec_MN
no trend[0m


[36mprec_ITA
no trend[0m


[92mrad_MN
increasing[0m


[92mrad_ITA
increasing[0m


[36mEL
no trend[0m


[36mLA
no trend[0m

================================================================================
Método de Pearson 
               haff   prec_MN  prec_ITA    rad_MN   rad_ITA        EL        LA
haff      1.000000  0.074404  0.107665 -0.073695 -0.063422 -0.032615 -0.229555
prec_MN   0.074404  1.000000  0.714394 -0.675654 -0.646796 -0.089198 -0.202981
prec_ITA  0.107665  0.714394  1.000000 -0.761768 -0.732094 -0.101935 -0.170457
rad_MN   -0.073695 -0.675654 -0.761768  1.000000  0.952197  0.188051  0.133008
rad_ITA  -0.063422 -0.646796 -0.732094  0.952197  1.000000  0.136459  0.084265
EL       -0.032615 -0.089198 -0.101935  0.188051  0.136459  1.000000  0.241023
LA       -0.229555 -0.202981 -0.170457  0.133008  0.084265  0.241023  1.000000
================================================================================
================================================================================
Método de Spearman 
               haff   prec_MN  prec_ITA    rad_MN   rad_ITA        EL        LA
haff      1.000000  0.099501  0.137239 -0.080488 -0.074007  0.028253 -0.142969
prec_MN   0.099501  1.000000  0.767120 -0.716755 -0.678718 -0.052203 -0.218444
prec_ITA  0.137239  0.767120  1.000000 -0.813320 -0.785918 -0.072087 -0.172500
rad_MN   -0.080488 -0.716755 -0.813320  1.000000  0.947171  0.113218  0.146120
rad_ITA  -0.074007 -0.678718 -0.785918  0.947171  1.000000  0.088736  0.094337
EL        0.028253 -0.052203 -0.072087  0.113218  0.088736  1.000000  0.360722
LA       -0.142969 -0.218444 -0.172500  0.146120  0.094337  0.360722  1.000000
================================================================================

[92mDados Haff (>2021; mensal):
[0m            haff  prec_MN  prec_ITA  rad_MN  rad_ITA   EL   LA  mes
data                                                               
2021-01-01     0      NaN     565.3   147.4    155.1  0.0 -1.0    1
2021-02-01   203      NaN     357.1   158.2    154.2  0.0 -0.9    2
2021-03-01     0    589.3     500.5   163.9    156.2  0.0 -0.8    3
2021-04-01     0    167.6     256.4   168.9    148.6  0.0 -0.7    4
2021-05-01     0    186.5     194.4   174.9    149.6  0.0 -0.5    5
2021-06-01     0    206.1      95.4   173.5    167.0  0.0  0.0    6
2021-07-01     0    142.7     165.0   181.9    184.1  0.0  0.0    7
2021-08-01     0    171.0     130.0   200.0    201.7  0.0  0.5    8
2021-09-01     0     22.8     106.2   216.0    208.5  0.0  0.7    9
2021-10-01     0    205.7      81.6   211.2    206.5  0.0 -0.8   10
2021-11-01     0    311.7     279.0   177.2    189.0  0.0 -1.0   11
2021-12-01     0    227.9     302.4   151.0    166.0  0.0 -1.0   12
2022-01-01   218    304.8     383.4   164.1    155.1  0.0 -1.0    1
2022-02-01     0    315.9     361.6   153.8    154.2  0.0 -0.9    2
2022-03-01     0    402.1     580.3   153.4    156.2  0.0 -1.0    3
2022-04-01     0    454.3     186.7   163.3    148.6  0.0 -1.1    4
2022-05-01     0    129.7     455.3   166.4    149.6  0.0 -1.0    5
2022-06-01     0    166.6     329.3   177.4    167.0  0.0 -0.9    6
2022-07-01     0     37.4     106.0   192.9    184.1  0.0 -0.8    7
2022-08-01     0     36.4      47.5   216.9    201.7  0.0 -0.9    8
2022-09-01     0     11.7      32.1   238.7    208.5  0.0 -1.0    9
2022-10-01     0    169.1      10.3   209.8    206.5  0.0 -1.0   10
2022-11-01     0    104.9     238.5   202.7    189.0  0.0 -0.9   11
2022-12-01     0    403.3     239.3   175.3    166.0  0.0 -0.8   12
2023-01-01    69    278.5     352.5   152.8    155.1  0.0 -7.0    1
2023-02-01     0    424.3       NaN   149.7    154.2  0.0  0.0    2
2023-03-01     0    455.7       NaN   173.1    156.2  0.0  0.0    3
2023-04-01     0    294.6     271.8   183.4    148.6  0.0  0.0    4
2023-05-01     0    119.0     178.7   168.5    149.6  0.5  0.0    5
2023-06-01     0     50.1     146.9   176.7    167.0  0.8  0.0    6
2023-07-01     0     68.6      53.1   204.2    184.1  1.1  0.0    7
2023-08-01     0     18.2      27.0   223.5    201.7  1.3  0.0    8
2023-09-01     0     44.1      16.9   240.6    208.5  1.6  0.0    9
2023-10-01     0    102.8       1.9   235.8    206.5  1.8  0.0   10
2023-11-01     0    142.3     169.1   219.7    189.0  1.9  0.0   11
2023-12-01     0    340.5       NaN   177.7    166.0  2.0  0.0   12
2024-01-01    12    154.4     234.5   197.2    155.1  1.8  0.0    1
2024-02-01     0    274.1       NaN   177.4    154.2  1.5  0.0    2
2024-03-01     0    465.9       NaN   160.4    156.2  1.1  0.0    3
2024-04-01     0    219.8       NaN   155.2    148.6  0.7  0.0    4
2024-05-01     0    390.4       NaN   191.7    149.6  0.0  0.0    5
2024-06-01     0    138.3       NaN   203.9    167.0  0.0  0.0    6
2024-07-01     0     62.0       NaN   223.2    184.1  0.0  0.0    7
2024-08-01     0     17.7       NaN   242.9    201.7  0.0  0.0    8
2024-09-01     0     68.2       NaN   230.5    208.5  0.0  0.0    9
2024-10-01     0     86.8       NaN   215.6    206.5  0.0  0.0   10
2024-11-01     0    131.3       NaN   169.7    189.0  0.0  0.0   11
2024-12-01     0    272.4       NaN     NaN    166.0  0.0  0.0   12

================================================================================
Método de Pearson 
               haff   prec_MN  prec_ITA    rad_MN   rad_ITA        EL        LA
haff      1.000000  0.120675  0.271794 -0.236845 -0.212900 -0.113294 -0.289228
prec_MN   0.120675  1.000000  0.687613 -0.687724 -0.644582 -0.123943 -0.166457
prec_ITA  0.271794  0.687613  1.000000 -0.806534 -0.726681 -0.391614 -0.331766
rad_MN   -0.236845 -0.687724 -0.806534  1.000000  0.835483  0.255902  0.314006
rad_ITA  -0.212900 -0.644582 -0.726681  0.835483  1.000000  0.085344  0.197500
EL       -0.113294 -0.123943 -0.391614  0.255902  0.085344  1.000000  0.248146
LA       -0.289228 -0.166457 -0.331766  0.314006  0.197500  0.248146  1.000000
================================================================================
================================================================================
Método de Spearman 
               haff   prec_MN  prec_ITA    rad_MN   rad_ITA        EL        LA
haff      1.000000  0.126642  0.324874 -0.241777 -0.240363  0.009381 -0.264660
prec_MN   0.126642  1.000000  0.672654 -0.734082 -0.634865 -0.139689 -0.231428
prec_ITA  0.324874  0.672654  1.000000 -0.833766 -0.706942 -0.436010 -0.489349
rad_MN   -0.241777 -0.734082 -0.833766  1.000000  0.758481  0.218459  0.411296
rad_ITA  -0.240363 -0.634865 -0.706942  0.758481  1.000000  0.038386  0.204512
EL        0.009381 -0.139689 -0.436010  0.218459  0.038386  1.000000  0.423002
LA       -0.264660 -0.231428 -0.489349  0.411296  0.204512  0.423002  1.000000
================================================================================

[92mDados Haff (>2021; anual):
[0m           haff     prec_MN    prec_ITA  ...        EL        LA  mes
data                                     ...                         
2021  16.916667  223.130000  252.775000  ...  0.000000 -0.458333  6.5
2022  18.166667  211.350000  247.525000  ...  0.000000 -0.941667  6.5
2023   5.750000  194.891667  135.322222  ...  0.916667 -0.583333  6.5
2024   1.000000  190.108333  234.500000  ...  0.425000  0.000000  6.5

[4 rows x 8 columns]

================================================================================
Método de Pearson 
               haff   prec_MN  prec_ITA    rad_MN  rad_ITA        EL        LA
haff      1.000000  0.923249  0.490213 -0.913376      NaN -0.756361 -0.760559
prec_MN   0.923249  1.000000  0.557926 -0.993884      NaN -0.775339 -0.487901
prec_ITA  0.490213  0.557926  1.000000 -0.464315      NaN -0.940920  0.055084
rad_MN   -0.913376 -0.993884 -0.464315  1.000000      NaN  0.701017  0.512563
rad_ITA        NaN       NaN       NaN       NaN      NaN       NaN       NaN
EL       -0.756361 -0.775339 -0.940920  0.701017      NaN  1.000000  0.256466
LA       -0.760559 -0.487901  0.055084  0.512563      NaN  0.256466  1.000000
================================================================================
================================================================================
Método de Spearman 
               haff   prec_MN  prec_ITA    rad_MN  rad_ITA        EL        LA
haff      1.000000  0.800000  0.600000 -0.800000      NaN -0.737865 -0.800000
prec_MN   0.800000  1.000000  0.800000 -1.000000      NaN -0.737865 -0.400000
prec_ITA  0.600000  0.800000  1.000000 -0.800000      NaN -0.948683  0.000000
rad_MN   -0.800000 -1.000000 -0.800000  1.000000      NaN  0.737865  0.400000
rad_ITA        NaN       NaN       NaN       NaN      NaN       NaN       NaN
EL       -0.737865 -0.737865 -0.948683  0.737865      NaN  1.000000  0.210819
LA       -0.800000 -0.400000  0.000000  0.400000      NaN  0.210819  1.000000
================================================================================

[92mDados Haff (>2021; anual sem NaN):
[0m           haff     prec_MN    prec_ITA  ...        EL        LA  mes
data                                     ...                         
2021  16.916667  223.130000  252.775000  ...  0.000000 -0.458333  6.5
2022  18.166667  211.350000  247.525000  ...  0.000000 -0.941667  6.5
2023   5.750000  194.891667  135.322222  ...  0.916667 -0.583333  6.5
2024   1.000000  190.108333  234.500000  ...  0.425000  0.000000  6.5

[4 rows x 8 columns]

================================================================================
Método de Pearson 
               haff   prec_MN  prec_ITA    rad_MN  rad_ITA        EL        LA
haff      1.000000  0.923249  0.490213 -0.913376      NaN -0.756361 -0.760559
prec_MN   0.923249  1.000000  0.557926 -0.993884      NaN -0.775339 -0.487901
prec_ITA  0.490213  0.557926  1.000000 -0.464315      NaN -0.940920  0.055084
rad_MN   -0.913376 -0.993884 -0.464315  1.000000      NaN  0.701017  0.512563
rad_ITA        NaN       NaN       NaN       NaN      NaN       NaN       NaN
EL       -0.756361 -0.775339 -0.940920  0.701017      NaN  1.000000  0.256466
LA       -0.760559 -0.487901  0.055084  0.512563      NaN  0.256466  1.000000
================================================================================
================================================================================
Método de Spearman 
               haff   prec_MN  prec_ITA    rad_MN  rad_ITA        EL        LA
haff      1.000000  0.800000  0.600000 -0.800000      NaN -0.737865 -0.800000
prec_MN   0.800000  1.000000  0.800000 -1.000000      NaN -0.737865 -0.400000
prec_ITA  0.600000  0.800000  1.000000 -0.800000      NaN -0.948683  0.000000
rad_MN   -0.800000 -1.000000 -0.800000  1.000000      NaN  0.737865  0.400000
rad_ITA        NaN       NaN       NaN       NaN      NaN       NaN       NaN
EL       -0.737865 -0.737865 -0.948683  0.737865      NaN  1.000000  0.210819
LA       -0.800000 -0.400000  0.000000  0.400000      NaN  0.210819  1.000000
================================================================================
